9.454611111111109523e+00 9.557766666666665856e+00 9.208488888888888724e+00 9.612844444444442971e+00 9.196944444444444144e+00 9.749233333333332752e+00 9.443955555555554326e+00 9.292922222222223638e+00 9.450311111111110662e+00
9.121233333333332638e+00 9.101488888888889406e+00 9.314677777777779610e+00 9.819155555555557413e+00 9.711000000000000298e+00 9.420088888888887624e+00 9.734733333333332794e+00 9.640388888888891117e+00 9.819822222222221342e+00
1.040536666666666576e+01 1.004397777777777634e+01 1.006143333333333345e+01 1.026377777777777744e+01 1.041652222222222157e+01 9.980166666666667297e+00 1.037315555555555591e+01 1.004205555555555485e+01 1.021260000000000012e+01
8.499600000000000932e+00 8.530311111111110733e+00 8.265600000000000946e+00 8.532288888888890810e+00 8.343533333333333246e+00 7.787566666666667636e+00 8.011133333333333439e+00 8.320077777777777683e+00 7.841233333333333277e+00
8.941466666666665120e+00 9.283744444444446131e+00 9.016122222222223925e+00 9.479011111111111276e+00 9.612455555555554199e+00 8.611011111111110949e+00 8.894722222222220864e+00 9.275644444444445469e+00 8.400622222222221325e+00
7.518466666666666853e+00 7.675577777777776944e+00 7.224011111111112271e+00 7.812299999999999578e+00 7.133988888888889157e+00 7.914455555555554689e+00 7.099177777777778253e+00 7.508377777777777595e+00 7.666644444444443707e+00
1.055453333333333354e+01 1.088650000000000162e+01 1.074368888888889018e+01 9.872600000000000264e+00 1.084565555555555427e+01 1.076783333333333381e+01 1.034105555555555611e+01 1.059646666666666803e+01 1.041691111111111212e+01
7.010533333333333950e+00 6.928033333333333488e+00 7.309488888888889591e+00 6.919944444444444009e+00 7.313455555555555598e+00 7.248744444444445101e+00 7.292944444444444230e+00 7.194088888888889421e+00 6.982388888888888090e+00
1.056020000000000003e+01 1.015729999999999933e+01 1.012687777777777676e+01 1.044638888888888850e+01 1.061243333333333538e+01 1.041087777777777745e+01 1.044770000000000110e+01 1.035081111111111163e+01 9.866933333333333778e+00
7.819199999999999484e+00 7.844288888888889311e+00 7.642199999999998994e+00 8.242988888888888255e+00 7.500066666666665327e+00 7.947388888888888836e+00 8.093933333333332314e+00 7.881888888888886946e+00 7.913688888888888329e+00
7.708066666666667288e+00 7.731011111111111944e+00 7.671800000000000175e+00 7.095666666666667233e+00 7.700800000000000978e+00 7.753788888888887953e+00 7.859344444444445799e+00 7.704744444444447282e+00 7.648355555555557572e+00
8.791966666666667152e+00 9.316500000000001336e+00 8.623455555555555208e+00 9.645011111111109869e+00 9.647677777777778019e+00 9.260800000000001475e+00 9.787111111111109096e+00 8.689122222222225744e+00 8.975333333333333385e+00
9.388799999999999812e+00 8.975066666666666748e+00 8.882166666666668320e+00 9.391255555555554579e+00 8.946122222222221865e+00 9.138733333333334485e+00 9.419800000000002171e+00 9.441277777777777658e+00 9.558777777777777374e+00

